tree
version=v4
num_class=1
num_tree_per_iteration=1
label_index=0
max_feature_idx=27
objective=lambdarank
feature_names=Column_0 Column_1 Column_2 Column_3 Column_4 Column_5 Column_6 Column_7 Column_8 Column_9 Column_10 Column_11 Column_12 Column_13 Column_14 Column_15 Column_16 Column_17 Column_18 Column_19 Column_20 Column_21 Column_22 Column_23 Column_24 Column_25 Column_26 Column_27
feature_infos=[-3.0491502285003662:2.8284270763397217] [-3.0491502285003662:2.8284270763397217] [-3.0491502285003662:2.8284270763397217] [-2.9415938854217529:2.7893867492675781] [-2.7393829822540283:2.7827448844909668] none [-3.1615381240844727:2.8813066482543945] [-3.1934347152709961:3.2853741645812988] [-3.478022575378418:3.5697681903839111] [-3.3166248798370361:2.8284270763397217] [-3.4003610610961914:3.1055047512054443] [-2.9271471500396729:2.9376206398010254] [-3.7416574954986572:3.3166248798370361] [-3.872983455657959:3.7416574954986572] [-3.872983455657959:2.9968831539154053] [-3.0996630191802979:2.8836395740509033] [-3.7966856956481934:2.5945310592651367] [-2.4586782455444336:3.3166248798370361] [-2.2360680103302002:3.872983455657959] [-2.9914646148681641:2.509235143661499] [-3.040977954864502:3.1622776985168457] [-3.0150959491729736:3.1511359214782715] [-2.8327486515045166:3.1620237827301025] [-3.3263776302337646:2.4675450325012207] [-3.1130249500274658:2.8332135677337646] [-3.3166248798370361:3.6055512428283691] [-3.5338089466094971:3.6055512428283691] [6:16]
tree_sizes=1762 1749 1744 1753 1754 1745 1737 1736 1752

Tree=0
num_leaves=15
num_cat=0
split_feature=3 15 15 24 4 2 4 11 15 24 11 24 26 11
split_gain=288.555 87.2439 59.1148 36.8164 24.4549 22.4854 14.7964 13.4008 11.0315 10.4432 10.0401 9.71473 7.52989 6.84455
threshold=-0.10554689541459082 0.75758191943168651 -0.63854989409446705 0.91710206866264354 0.75161740183830272 -0.15822737663984296 1.0765954256057741 0.73028427362442028 -0.049700234085321419 0.55103823542594921 -0.3765366375446319 0.38118849694728857 2.1191356182098393 0.23630260676145556
decision_type=2 2 2 2 2 2 2 2 2 2 2 2 2 2
left_child=2 3 7 4 8 -4 10 12 -2 -3 11 -7 -1 -10
right_child=1 9 5 -5 -6 6 -8 -9 13 -11 -12 -13 -14 -15
leaf_value=-0.069175051916554056 -0.031165834089241558 0.02361080314883374 -0.052004706189826368 0.030909268770558104 0.024009072212495625 -0.044260656656587946 0.019738389297508166 -0.0037586914674332069 -0.018579092179299667 0.050210580825267526 -0.0054934815405259241 0.00091273565539738005 0.0031599891221698404 0.0067868679715642477
leaf_weight=116.06177320796996 68.093066745437682 63.915696336422116 37.244227588642389 81.716036884114146 43.134436718886718 40.99650260200724 28.612968834117055 9.5939655518159253 44.756701678037643 180.20033872593194 81.460926173953339 15.787534729111938 3.2682179338298729 53.045522852800786
leaf_count=2089 1212 721 645 929 486 599 277 108 712 1580 1013 175 44 678
internal_value=-0.000543915 0.0221421 -0.0367677 0.00347426 -0.00772243 -0.0192502 -0.0106388 -0.0627459 -0.016434 0.0438598 -0.0173956 -0.0326437 -0.0671465 -0.00516027
internal_weight=867.888 534.862 333.026 290.746 209.03 204.102 166.858 128.924 165.895 244.116 138.245 56.784 119.33 97.8022
internal_count=11268 6318 4950 4017 3088 2709 2064 2241 2602 2301 1787 774 2133 1390
is_linear=0
shrinkage=0.05


Tree=1
num_leaves=15
num_cat=0
split_feature=3 4 0 11 4 21 21 15 11 21 4 26 14 7
split_gain=408.275 217.541 177.068 118.453 61.0212 57.8109 57.8107 41.2659 39.2806 37.7822 32.4564 28.1362 25.6755 21.6735
threshold=1.0264760255813601 1.0588328242301943 -1.0000000180025095e-35 -0.32876965403556818 0.45110027492046362 1.2941321730613711 1.1450526118278506 1.0128838419914248 1.6497923135757449 0.26447235047817236 -0.46272149682044977 -0.65314239263534535 -0.78430804610252369 -0.63954794406890858
decision_type=2 2 2 2 2 2 2 2 2 2 2 2 2 2
left_child=1 2 -1 9 5 12 8 11 10 -4 -5 -3 -2 -13
right_child=4 7 3 6 -6 -7 -8 -9 -10 -11 -12 13 -14 -15
leaf_value=-0.057209837734872052 0.040112167080985008 -0.021318237491733172 -0.050477478389546908 -0.028023275100631673 0.043615383376765189 0.044345945977115789 0.021080098554841459 0.040060670095063103 0.028121806552417764 -0.019261058417699546 -0.0061895557326908613 -0.013288058470946509 0.003382669344077618 0.022959921868514699
leaf_weight=259.56873264163733 49.524848654866219 59.739851400256157 208.35423852223903 229.93326368927956 364.89163990691304 142.75664088502526 182.5896415039897 151.02907417342067 60.463511537760496 195.708919307217 633.54260944388807 48.21767645701766 383.5179978646338 197.96159826219082
leaf_count=2043 75 217 1648 900 545 238 414 235 119 1044 2194 177 920 502
internal_value=0.000156992 -0.0115087 -0.0194416 -0.0127844 0.0276906 0.0173102 -0.00426488 0.0191002 -0.00936008 -0.035778 -0.0121315 0.00827445 0.00799314 0.0157371
internal_weight=3167.8 2227.11 1770.16 1510.59 940.691 575.799 1106.53 456.948 923.939 404.063 863.476 305.919 433.043 246.179
internal_count=11271 9493 8362 6319 1778 1233 3627 1131 3213 2692 3094 896 995 679
is_linear=0
shrinkage=0.05


Tree=2
num_leaves=15
num_cat=0
split_feature=23 20 4 23 11 2 2 6 21 4 11 12 20 3
split_gain=497.731 129.195 108.316 71.4734 50.4191 46.5348 43.4704 39.0354 34.9422 28.7602 25.923 25.396 21.6102 20.9177
threshold=0.32755729556083685 -0.023434891365468499 0.053930768743157394 1.055940628051758 0.1761191785335541 1.099384129047394 -1.0000000180025095e-35 0.77850592136383068 0.96494153141975414 0.56362688541412365 0.98335328698158275 -1.1164034008979795 0.59082648158073436 0.73063659667968761
decision_type=2 2 2 2 2 2 2 2 2 2 2 2 2 2
left_child=2 5 4 6 -1 10 -3 12 11 13 -2 -4 -8 -5
right_child=1 3 8 9 -6 -7 7 -9 -10 -11 -12 -13 -14 -15
leaf_value=-0.052326684699436701 -0.020431209891780537 -0.030826489892092308 0.012861725798270746 0.0046596694732432735 -0.021687262625129971 0.031135655433109252 -0.017266263515951744 0.02540462939390413 0.01922387772572905 0.051520777291985877 0.0022354448227958107 -0.023272574353198589 0.012618739963484268 0.034499680537194134
leaf_weight=400.15018928237259 275.90388042666018 47.274697083979845 57.551326673477888 80.084286224097013 217.21008430421352 73.398399651050568 97.352693300694227 441.80987837165594 87.32017145305872 220.54896923154593 227.31981793418527 234.47271251305938 142.90757519565523 234.62087344378233
leaf_count=3536 1141 247 233 255 1134 158 404 981 270 327 631 1117 424 421
internal_value=-0.000587259 0.0148106 -0.0289638 0.023726 -0.0418074 -0.00477781 0.013398 0.0166653 -0.00778957 0.0375449 -0.0102708 -0.0160547 0.0004043 0.0270978
internal_weight=2837.93 1841.22 996.704 1264.6 617.36 576.622 729.345 682.07 379.344 535.254 503.224 292.024 240.26 314.705
internal_count=11279 4989 6290 3059 4670 1930 2056 1809 1620 1003 1772 1350 828 676
is_linear=0
shrinkage=0.05


Tree=3
num_leaves=15
num_cat=0
split_feature=23 4 3 4 20 15 0 7 24 14 7 23 26 20
split_gain=412.125 96.1656 81.801 77.5276 57.6626 49.215 37.9051 35.0394 30.9769 28.6754 28.0105 23.5053 21.7337 22.4138
threshold=0.30643227696418768 0.75161740183830272 1.1059395074844363 0.83532786369323742 -0.76214864850044239 -1.0000000180025095e-35 -1.0000000180025095e-35 -0.26546080410480494 1.6434795260429385 0.20294866710901263 0.60495764017105114 0.80979287624359142 2.209998726844788 -0.21386619657278058
decision_type=2 2 2 2 2 2 2 2 2 2 2 2 2 2
left_child=3 2 6 5 -4 -1 -2 -3 -8 -6 -7 -9 13 -5
right_child=1 7 4 12 9 10 8 11 -10 -11 -12 -13 -14 -15
leaf_value=-0.05001317861381567 -0.042796010218735726 0.0074858838981459635 -0.04282452773809442 -0.030898034278892889 0.034679663791995143 -0.032205425419578958 -0.0057894526539437729 0.017911189558884637 0.026183323152870416 0.006855856480332375 0.0011453808617996196 0.043431636727557905 0.050509609673838433 0.0056934405098055807
leaf_weight=360.11878384556621 56.94924855325371 146.96577037125826 28.349313229322433 58.027813388034701 292.63199450820684 193.51718867942691 632.7589995469898 140.50800535082817 80.992908149957657 138.65453445911407 91.706934321671724 314.49473199248314 13.262716710567473 121.00138830393553
leaf_count=3612 454 372 89 297 533 1333 2349 324 182 316 474 513 27 396
internal_value=-0.000539945 0.0127396 0.00468423 -0.0294919 0.0212607 -0.037739 -0.00527507 0.0290295 -0.00200444 0.0259157 -0.0216473 0.0358311 -0.00155917 -0.00668402
internal_weight=2669.94 1832.31 1230.34 837.635 459.636 645.343 770.701 601.969 713.752 431.287 285.224 455.003 192.292 179.029
internal_count=11271 5132 3923 6139 938 5419 2985 1209 2531 849 1807 837 720 693
is_linear=0
shrinkage=0.05


Tree=4
num_leaves=15
num_cat=0
split_feature=15 11 20 4 20 11 15 2 1 7 4 20 4 10
split_gain=296.378 107.458 78.3176 56.64 54.5668 43.9134 34.7756 33.9975 31.4963 27.1449 24.5778 21.6183 18.8877 18.7144
threshold=0.31373231112957006 -0.024034806527197358 0.59082648158073436 0.83532786369323742 -0.033988704904913895 0.40833900868892675 1.4063614010810854 0.59312349557876598 0.91750127077102672 0.13203976303339007 1.0588328242301943 -0.3373949378728866 1.8268392682075503 -0.50794240832328785
decision_type=2 2 2 2 2 2 2 2 2 2 2 2 2 2
left_child=1 3 5 7 12 8 -4 -1 13 -7 -6 -11 -3 -2
right_child=2 4 6 -5 10 9 -8 -9 -10 11 -12 -13 -14 -15
leaf_value=-0.049908366637523592 -0.00096076375706553277 -0.025890460245447219 0.020197935398139182 -0.0028383791019974095 0.00064427625398413488 0.0021284807438046081 0.045661893455114455 -0.0022569904933814285 0.029961535635230976 -0.0029991160883079361 0.031532147897370466 0.032017231410881968 0.028573503160568222 -0.032687387956289241
leaf_weight=350.22070249170065 73.248159201815724 221.03019767813385 478.69102307036519 101.34731034748256 231.69922439754009 311.34924846887589 191.99453229829669 42.383913449943066 30.835599239915609 55.758010949939489 84.311591304838657 191.79275605455041 13.079560384154318 123.68059063702822
leaf_count=3653 310 1379 1257 399 991 1006 345 243 76 172 184 433 43 635
internal_value=0.000736044 -0.0195449 0.0152828 -0.0363508 -0.00426348 0.00452737 0.0277714 -0.0448572 -0.013781 0.0120445 0.00924793 0.024227 -0.0223137 -0.0212026
internal_weight=2501.42 1044.07 1457.35 493.952 550.121 786.664 670.686 392.605 227.764 558.9 316.011 247.551 234.11 196.929
internal_count=11126 6892 4234 4295 2597 2632 1602 3896 1021 1611 1175 605 1422 945
is_linear=0
shrinkage=0.05


Tree=5
num_leaves=15
num_cat=0
split_feature=24 15 15 4 4 4 7 2 3 20 8 3 4 8
split_gain=263.389 92.0542 62.9453 55.4421 42.4478 35.1698 31.3981 31.0727 27.1446 26.5455 18.9935 18.3886 19.1102 16.2728
threshold=0.48989029228687292 -1.0000000180025095e-35 1.1700203418731692 1.0000000180025095e-35 1.6448890566825869 1.5398426055908205 0.50002108514308941 1.3123361468315127 0.77847906947135936 1.3929212093353274 0.41771923005580908 1.2284348607063296 -0.61314517259597767 1.489676892757416
decision_type=2 2 2 2 2 2 2 2 2 2 2 2 2 2
left_child=1 4 3 7 10 9 -4 -2 -5 11 -1 12 -3 -14
right_child=2 5 6 8 -6 -7 -8 -9 -10 -11 -12 -13 13 -15
leaf_value=-0.047370527436073832 -0.010650319336686828 -0.042672202061640963 0.015821550335711143 0.005956653380717743 0.014558222153051571 0.022208202194970491 0.040868078515610647 0.029467595262178632 0.030851446305261709 0.018059384289514278 -0.020225895082891271 0.007422702549592969 -0.019249775870842679 0.010388755798778827
leaf_weight=303.76965809799731 417.3682205080986 70.83951929397881 278.20591251924634 221.28059738874435 34.826773647218943 86.54293417185545 239.3630276247859 49.640055291354656 217.67367040738463 62.671116257086396 95.507351670414209 70.379814315587282 260.74284171964973 52.746368968859315
leaf_count=3335 1788 558 635 704 121 225 447 120 434 212 855 222 1508 231
internal_value=-8.91846e-05 -0.0191911 0.0138582 0.00585033 -0.0366192 -0.00646583 0.0276852 -0.00611906 0.0185102 -0.0114288 -0.041208 -0.0156453 -0.0199107 -0.0141781
internal_weight=2461.56 1038.03 1423.53 905.963 434.104 603.923 517.569 467.008 438.954 517.38 399.277 454.709 384.329 313.489
internal_count=11395 7267 4128 3046 4311 2956 1082 1908 1138 2731 4190 2519 2297 1739
is_linear=0
shrinkage=0.05


Tree=6
num_leaves=15
num_cat=0
split_feature=6 15 3 11 4 8 17 4 16 15 24 4 3 7
split_gain=238.805 71.2705 61.8637 33.0005 27.58 27.0102 25.601 24.6738 21.6258 18.3956 18.4699 16.8132 16.0835 15.9462
threshold=0.65960764884948742 -0.28407034277915949 0.73063659667968761 0.82832962274551403 1.5936102271080019 0.78851884603500377 1.5695343613624575 0.75161740183830272 0.71180686354637157 0.90165200829505932 1.4658242464065554 0.018586774356663231 0.3031329363584519 0.68857020139694225
decision_type=2 2 2 2 2 2 2 2 2 2 2 2 2 2
left_child=1 5 6 4 -3 -1 -2 9 -5 10 -4 -7 -8 -10
right_child=2 3 7 8 -6 11 12 -9 13 -11 -12 -13 -14 -15
leaf_value=-0.042423815403781318 -0.0022706137140156872 -0.01895833066455815 -0.0032433547365134513 -0.0055950025226190764 0.01278502850640374 -0.02779814384252682 -0.0037809432382666648 0.038785302941002457 0.011100793931812862 0.026845567535497522 0.029645417714099627 0.019197416269423118 0.044979958376188872 0.054403801476830271
leaf_weight=265.36620229575783 426.19229617342353 460.71180118620396 140.19169076904655 123.55554384551942 76.609045051038265 36.181429892778397 24.047078371047974 233.51477234810591 71.84928610175848 273.31917570531368 55.864880260080099 30.684909598901868 46.711064096540213 27.554434835910797
leaf_count=3109 1666 3008 465 579 204 395 89 437 252 583 116 151 99 57
internal_value=0.000645312 -0.0162281 0.0160129 -0.00768456 -0.0143563 -0.0353752 0.00246452 0.0255067 0.00835634 0.0185614 0.00663225 -0.00639673 0.0292528 0.0251349
internal_weight=2292.35 1092.51 1199.84 760.28 537.321 332.233 496.95 702.891 222.959 469.376 196.057 66.8663 70.7581 99.4037
internal_count=11210 7755 3455 4100 3212 3655 1854 1601 888 1164 581 546 188 309
is_linear=0
shrinkage=0.05


Tree=7
num_leaves=15
num_cat=0
split_feature=23 15 21 4 6 15 11 7 4 0 11 3 8 3
split_gain=206.089 63.4517 47.804 42.8926 36.9345 23.7658 23.3113 22.8691 22.3917 19.6684 15.49 15.3522 14.6322 12.5076
threshold=0.40945072472095495 -0.20095743238925931 0.96494153141975414 1.2595846056938174 0.9530392885208131 1.187818229198456 0.83966681361198436 0.7880392074584962 0.29548132419586187 0.80137175321578991 1.5441999435424807 1.4921173453330996 -0.20618340373039243 1.0406329631805422
decision_type=2 2 2 2 2 2 2 2 2 2 2 2 2 2
left_child=1 7 3 4 6 11 -2 9 12 -1 -6 -4 -3 -14
right_child=2 8 5 -5 10 -7 -8 -9 -10 -11 -12 -13 13 -15
leaf_value=-0.048480197626460025 -0.025202386579807251 -0.028509912309193565 0.0087239291812659155 0.025109946484763029 0.0043276512515910094 0.037936289869121308 0.0014048436991422107 -0.011086876023704029 0.004063603901286004 0.011392492583248348 0.027271044135717116 0.038714594676941994 -0.012349462681207742 0.025156787638494923
leaf_weight=223.78207243140787 173.3273741453886 145.03466488979757 224.64756331220269 208.87060764431953 376.48703156970441 192.71838783845305 151.97345168888569 67.202353188768029 199.43113240227103 12.77497126162052 87.284155461937189 49.204034391790628 121.92235923558474 22.12630208954215
leaf_count=2939 1037 1190 712 469 1250 375 583 606 777 90 191 99 885 85
internal_value=0.000373871 -0.0200949 0.0114778 0.00524871 -0.000133645 0.0246042 -0.012939 -0.0378592 -0.00877737 -0.045078 0.00889054 0.01471 -0.0175545 -0.00593774
internal_weight=2256.79 792.274 1464.51 997.943 789.072 466.57 325.301 303.759 488.514 236.557 463.771 273.852 289.083 144.049
internal_count=11288 6572 4716 3530 3061 1186 1620 3635 2937 3029 1441 811 2160 970
is_linear=0
shrinkage=0.05


Tree=8
num_leaves=15
num_cat=0
split_feature=23 15 0 20 20 11 3 14 2 11 11 20 16 21
split_gain=175.945 58.8505 52.552 39.7853 34.4494 27.4239 24.6403 22.9045 20.2988 20.0885 19.8387 16.9372 15.0671 24.0439
threshold=0.40052790939807897 1.026981055736542 -0.58561888337135304 0.48417271673679357 1.0000000180025095e-35 -0.22390416264533994 1.0406329631805422 0.69223499298095714 0.79439371824264537 1.3643920421600344 0.078189842402935042 0.085089325904846205 0.6409815549850465 0.44926483929157263
decision_type=2 2 2 2 2 2 2 2 2 2 2 2 2 2
left_child=2 6 -1 5 8 -4 -2 11 9 -3 -5 -8 13 -6
right_child=1 4 3 10 12 -7 7 -9 -10 -11 -12 -13 -14 -15
leaf_value=-0.056711675482104588 -0.0044393393985945285 -0.021009310716505351 -0.038135112996375356 -0.0099485786423754302 -0.021841890383057797 -0.012651790776158307 0.00025394835101440433 -0.030911256770081708 0.031651755499016249 0.017627672659189811 0.019240868362783364 0.028447358684342946 0.034652169289296063 0.026677365689279472
leaf_weight=80.120907228440046 563.02352069318295 84.676131282001734 181.79039980936795 136.57925132662058 31.803206168115139 261.10251690726727 80.898105356842279 21.116195604205132 41.004367683082819 49.211079142987728 93.927843976765871 151.49769489094615 326.95499503239989 82.044088952243328
leaf_count=1177 2589 310 2141 1060 97 1796 261 78 90 120 389 364 683 192
internal_value=-5.87049e-05 0.0102237 -0.0195411 -0.0147332 0.0218287 -0.0234207 0.00139352 0.014183 0.00293344 -0.00668469 0.00210162 0.0188452 0.0292085 0.0127748
internal_weight=2185.75 1432.23 753.521 673.4 615.694 442.893 816.536 253.512 174.892 133.887 230.507 232.396 440.802 113.847
internal_count=11347 4784 6563 5386 1492 3937 3292 703 520 430 1449 625 972 289
is_linear=0
shrinkage=0.05


end of trees

feature_importances:
Column_4=21
Column_11=15
Column_15=14
Column_3=11
Column_20=11
Column_7=7
Column_2=6
Column_21=6
Column_23=6
Column_24=6
Column_0=4
Column_8=4
Column_6=3
Column_14=3
Column_26=3
Column_16=2
Column_1=1
Column_10=1
Column_12=1
Column_17=1

parameters:
[boosting: gbdt]
[objective: lambdarank]
[metric: ndcg]
[tree_learner: serial]
[device_type: cpu]
[data_sample_strategy: bagging]
[data: ]
[valid: ]
[num_iterations: 400]
[learning_rate: 0.05]
[num_leaves: 15]
[num_threads: 0]
[seed: 0]
[deterministic: 0]
[force_col_wise: 0]
[force_row_wise: 0]
[histogram_pool_size: -1]
[max_depth: -1]
[min_data_in_leaf: 40]
[min_sum_hessian_in_leaf: 0.001]
[bagging_fraction: 0.8]
[pos_bagging_fraction: 1]
[neg_bagging_fraction: 1]
[bagging_freq: 1]
[bagging_seed: 3]
[bagging_by_query: 0]
[feature_fraction: 0.8]
[feature_fraction_bynode: 1]
[feature_fraction_seed: 2]
[extra_trees: 0]
[extra_seed: 6]
[early_stopping_round: 0]
[early_stopping_min_delta: 0]
[first_metric_only: 0]
[max_delta_step: 0]
[lambda_l1: 0]
[lambda_l2: 5]
[linear_lambda: 0]
[min_gain_to_split: 0]
[drop_rate: 0.1]
[max_drop: 50]
[skip_drop: 0.5]
[xgboost_dart_mode: 0]
[uniform_drop: 0]
[drop_seed: 4]
[top_rate: 0.2]
[other_rate: 0.1]
[min_data_per_group: 100]
[max_cat_threshold: 32]
[cat_l2: 10]
[cat_smooth: 10]
[max_cat_to_onehot: 4]
[top_k: 20]
[monotone_constraints: ]
[monotone_constraints_method: basic]
[monotone_penalty: 0]
[feature_contri: ]
[forcedsplits_filename: ]
[refit_decay_rate: 0.9]
[cegb_tradeoff: 1]
[cegb_penalty_split: 0]
[cegb_penalty_feature_lazy: ]
[cegb_penalty_feature_coupled: ]
[path_smooth: 0]
[interaction_constraints: ]
[verbosity: -1]
[saved_feature_importance_type: 0]
[use_quantized_grad: 0]
[num_grad_quant_bins: 4]
[quant_train_renew_leaf: 0]
[stochastic_rounding: 1]
[linear_tree: 0]
[max_bin: 255]
[max_bin_by_feature: ]
[min_data_in_bin: 3]
[bin_construct_sample_cnt: 200000]
[data_random_seed: 1]
[is_enable_sparse: 1]
[enable_bundle: 1]
[use_missing: 1]
[zero_as_missing: 0]
[feature_pre_filter: 1]
[pre_partition: 0]
[two_round: 0]
[header: 0]
[label_column: ]
[weight_column: ]
[group_column: ]
[ignore_column: ]
[categorical_feature: ]
[forcedbins_filename: ]
[precise_float_parser: 0]
[parser_config_file: ]
[objective_seed: 5]
[num_class: 1]
[is_unbalance: 0]
[scale_pos_weight: 1]
[sigmoid: 1]
[boost_from_average: 1]
[reg_sqrt: 0]
[alpha: 0.9]
[fair_c: 1]
[poisson_max_delta_step: 0.7]
[tweedie_variance_power: 1.5]
[lambdarank_truncation_level: 30]
[lambdarank_norm: 1]
[label_gain: 0,1,3,7]
[lambdarank_position_bias_regularization: 0]
[eval_at: 5]
[multi_error_top_k: 1]
[auc_mu_weights: ]
[num_machines: 1]
[local_listen_port: 12400]
[time_out: 120]
[machine_list_filename: ]
[machines: ]
[gpu_platform_id: -1]
[gpu_device_id: -1]
[gpu_use_dp: 0]
[num_gpu: 1]

end of parameters

pandas_categorical:null
