# 札幌ダ1700m / 集計期間: 過去3年 / 出典: netkeiba データ分析タブ→コース
# 枠番別: 枠,1着,2着,3着,4着以下,出走,勝率,連対率,複勝率,単勝回収率,複勝回収率
枠,1,16,16,9,102,143,11,22,28,122,95
枠,2,6,6,15,117,144,4,8,18,45,67
枠,3,17,25,7,191,240,7,17,20,56,51
枠,4,21,11,20,200,252,8,12,20,73,70
枠,5,26,17,23,194,260,10,16,25,113,108
枠,6,20,24,19,207,270,7,16,23,52,73
枠,7,16,21,29,209,275,5,13,24,31,61
枠,8,22,24,22,212,280,7,16,24,53,56
# 脚質別: 脚質,1着,2着,3着,出走,勝率,連対率,複勝率,単勝回収率,複勝回収率
脚質,逃,34,19,18,185,18,28,38,122,97
脚質,先,97,91,71,499,19,37,51,169,150
脚質,差,10,27,45,593,1,6,13,22,55
脚質,追,3,7,10,586,0,1,3,5,13
